]0;Day10~/Classes/Davis/STA141B_22_23/Public/Lectures/Day10> sqlite3 cookies.sqlite
-- Loading resources from /Users/duncan/.sqliterc
SQLite version 3.38.5 2022-05-06 15:25:27
Enter ".help" for usage hints.
sqlite> .tables
moz_cookies
sqlite> .schema moz_cookies
CREATE TABLE moz_cookies (id INTEGER PRIMARY KEY, originAttributes TEXT NOT NULL DEFAULT '', name TEXT, value TEXT, host TEXT, path TEXT, expiry INTEGER, lastAccessed INTEGER, creationTime INTEGER, isSecure INTEGER, isHttpOnly INTEGER, inBrowserElement INTEGER DEFAULT 0, sameSite INTEGER DEFAULT 0, rawSameSite INTEGER DEFAULT 0, schemeMap INTEGER DEFAULT 0, CONSTRAINT moz_uniqueid UNIQUE (name, host, path, originAttributes));
sqlite> SELECT id FROM moz_cookies;
19771595
19808833
19747024
19758319
19758320
18036006
11159258
19680945
19680576
15588334
18180419
18416650
18053466
17974996
16157108
18029706
13160592
17862826
15588288
19808834
17748576
15293043
19803445
16151006
18431638
1538830
18775521
15788615
18048438
17558604
16232165
15510691
18465022
19681129
15588313
14087445
19644208
18053473
17560272
17875924
18024384
15803314
1538838
4885085
18662030
15860820
15865551
19681360
18412581
18871182
19367070
19367106
16157156
17986476
19731405
19783403
18871203
19733993
19814489
19806442
18773939
19734054
19783361
19778843
19733991
19731406
19783404
18871204
19733994
19814490
19806443
18773940
19734055
19783362
19778844
19733992
18806969
18775552
18806970
18775553
19678143
17711146
19732713
18048441
17784983
15865556
202886
17684382
19803488
19803878
14619756
11159254
11159255
15246448
19739304
19784097
19739305
19784098
17558126
19813255
19810719
19809069
19810630
19809200
19809195
19810573
19767576
19783891
19813504
19779956
19812676
19813915
19812487
19809225
19690060
19721822
19814376
19812500
19778943
19803606
17875917
16157155
17986475
19681219
18252191
19774979
15992816
11159252
16646090
14861658
19505989
202931
17558134
19681139
15866489
18400583
683855
179052
19734057
19734058
17871417
15866491
17107807
19783306
17566484
16033207
15711617
15711717
19208262
15711618
19517321
15711718
17443676
18412559
17677314
17677315
17564479
19734835
14151295
24732
10577478
18098396
19367068
19367104
18098397
16157159
17986478
16157158
17986477
16157153
17986466
18874633
16658387
28731
19367065
11159253
16646091
1709922
13689474
153573
19517316
19517315
19517313
18181539
6375986
18205325
16033206
7039385
16033197
18205311
6376351
19783289
9035140
18205312
6376352
19783290
9035141
1709935
19811169
19529457
19687937
19783385
18173337
15417595
15588289
15866238
15588291
15588290
17842562
17842216
17878568
19367090
18416652
19015406
15414624
19758318
19731882
17198608
19761651
17906117
15977185
19789764
17878618
16033179
15901506
16157072
18029699
18497065
19761247
17829433
19515117
17974941
15306310
7817055
7816851
1510944
19521502
19015376
168296
19680833
19732731
15880560
16157035
19681174
18252218
17829434
18662020
15510632
18140575
19778842
18029697
19783367
18775518
18150619
17974940
15788094
18497066
19778170
17569912
19252947
15306311
7817056
8157084
1510945
19521503
15417606
19778235
19771606
18053409
19015403
19761246
19680834
16157044
13906311
19732712
19711862
54
18181531
17554980
19086728
17558982
17774268
19813254
19810718
19809068
19810629
19809199
19809194
19810572
19367071
19367107
19687231
19367062
19367101
19711935
19783386
19770130
17570361
19367069
19367105
19680586
19680628
19680587
9341306
18053406
18053400
18173336
17706851
17198605
16142762
19678142
18252196
17799911
15993070
17558131
19135841
19518010
15901988
19135845
15510960
19518013
15901993
19434959
19518012
15510956
15510957
19518011
15901989
17862858
18181532
18205314
18205313
19803468
17863257
17162005
19689338
15510433
18669464
17578145
18301564
19062474
18140562
14795946
16135728
19367066
19367067
19775080
17906476
17906474
17906475
19687225
19687230
19367072
19367108
19367063
19367102
19814521
19711936
19367073
19367109
19367064
19367103
19814522
19711937
17842563
17842217
17878569
19367091
17873689
18394119
19778846
19778848
202900
19208257
18416653
19015407
15414623
19758312
15803313
11159269
15803311
19775012
19645097
17568502
17568499
17568501
17568500
15117892
12934402
202899
16135470
19776787
19774857
16151060
19775095
19774301
19775097
19774303
19775099
19774305
19776786
19774856
19774308
19680734
19775001
18669463
16908758
16927646
18497062
15510801
19803465
240968
13612117
12872744
18497059
15117893
15803364
15803333
15803300
10577425
14151287
17570712
19250108
19250112
11643109
18497061
15510800
12872751
13612118
14604446
14604448
19645096
12934620
15417593
19771749
17748579
19681136
15866235
17862566
17558607
18775514
8243925
15803335
17568386
15803312
19775011
18029016
15803296
15712361
10425739
18029017
15803297
15712362
16157160
17986482
15803334
15479525
16343078
17568371
14643781
19687232
16157052
18662006
18661992
19219591
19732668
19778228
16135919
16157067
18662019
19776885
19128478
13689478
19184519
15860819
19774995
19689599
19803610
19778075
19681322
13906318
1709906
240970
7003573
19771966
18775522
1709907
19252821
18553966
17558861
5031467
15860839
7003550
17986465
18722693
19507331
19308483
18132585
18774445
18495426
19308466
19687478
18570402
19687819
17774302
18342025
18029003
15880540
19783402
16658269
16936867
16157049
15711603
18094231
19711826
17100195
15511212
18253276
17558865
19711801
18580057
17162009
19731403
14712020
17677317
15870354
19803615
19777491
18412584
18123382
15510690
16327813
19758858
15992848
17955190
15510431
15803308
18140574
53037
17925203
18669059
18669068
18090311
17875952
17578147
19778841
17862569
19123438
19188848
18390042
19508817
19747250
19517306
19687499
18722268
18580021
16146278
18671353
18399311
15881077
19134388
19094135
19783366
18301573
15479520
17558141
17222671
18668494
18773942
18149246
18722588
18124824
19197579
17974943
1709911
18495585
19707307
15414510
15866847
18668598
19778074
19511623
17381626
19644211
16033953
16033806
18495612
19775024
19252819
15866482
17568508
19128469
19757705
17974523
15762026
19308431
15711704
18465039
18669910
19731875
17444223
19013679
19776907
19025017
14611246
19012637
18669596
19782906
14725253
16173347
18772803
19687239
17564267
18250350
17564753
19731401
18179305
14643779
19755793
19708795
19687793
15473604
18553963
19808883
15499502
17974998
14601974
9733587
18908168
15212435
18580037
19687412
18722688
19783414
17568596
15141659
15510581
17558216
19783365
18661085
16936925
18774453
19439152
19088680
17154534
19782927
19808887
15725440
53100
19761029
18253580
17154533
15499501
16034027
19308477
18405447
15880561
18187184
19803614
17774138
19125833
17925297
15866518
18132592
15510712
18029030
18495912
19511929
18098174
18669065
5267567
18125214
17169617
17925280
6156032
15710981
17871398
18723669
15711961
19308482
19777168
19778171
19775069
14619808
19755792
18124823
7490988
16173372
18179444
19134494
18465043
16161675
19109567
8644047
18773941
15881133
15212434
19691562
17774159
8644046
17564402
18669077
18113963
17774137
19758859
19751697
18668495
18669960
17154532
19036875
17925296
17578183
19775070
16033811
18722577
18090310
19517891
13445221
18250351
15866878
19188847
18140979
18342035
18123507
8647710
17564403
19731404
19707321
17774170
18669075
16188313
18671336
18773943
11701004
19197596
17774142
19507343
17905699
19711939
15762100
17558984
19687792
19094916
18554004
19025016
15762099
17685892
19758321
15870415
19128494
17955221
19645221
18499338
18669652
19308478
9860347
18094330
17748584
16328002
11771972
14619605
17677432
17444350
14712025
19036986
17677431
15495316
14078977
19252936
19731888
19761030
19783360
19687240
2635742
18669073
19088683
18668599
18247834
15414653
18773988
19508821
18669076
19751698
18412766
19778020
2285360
18650192
19803599
15516463
19687477
17974578
19094917
18669074
1709929
19752197
18301880
17774127
19709409
19308460
17212435
18495534
19751696
19782926
19711940
15995322
19779065
18149278
17100213
18416654
14725272
17566413
19711938
15860312
17925301
19506862
17568370
19681473
17684394
19187657
16658227
12934257
19778237
17381547
17558863
17559146
19803471
18412572
18123380
9341301
19758860
15803306
18669462
15864877
16646620
17873705
17578140
19515119
15716547
19517299
18035998
18142860
17558586
17556875
19775090
17107803
15479517
13906309
17558139
15958825
14619769
19774299
18497030
15510793
14151279
15866845
19778072
10577429
11159225
16300695
15711699
17961734
17145244
17907073
19679918
17564265
16657812
10157900
16879930
19713587
11389343
15860825
7003568
11159224
14708800
15588302
17684398
18390039
18053403
14619774
1503208
18874655
15880538
16410026
16410027
18123388
18412575
17986205
19658956
17939840
17381553
18412573
17381551
19644154
17986473
17986474
19680774
19680771
19680725
19660777
19679916
16157112
17986472
15803353
18301566
18668562
19731881
16157150
17925209
19015352
18668614
19644163
19757713
19308435
19754917
15417604
17874084
17874082
15417603
16314044
10577446
15860824
10577448
15860826
10577450
15860827
19644195
15860832
15860847
19644194
71354
17162003
18301549
15866843
19128473
19680724
19660776
19679915
18301568
14808394
17925211
18140564
18051965
18775670
17986469
15803303
18301556
18668529
19731877
19733990
16157105
19777504
18140579
17925207
18416651
19775267
19015402
19774353
18668622
19644190
19757707
19308432
17198606
19755791
15712594
18497056
15510799
12872741
18497057
15510798
12872742
19803460
18412594
18123390
15803327
19517314
19688940
1709914
19680822
15473607
15860840
18553973
15496454
18920487
15306305
18920444
17568505
14867390
17706818
15496453
18920486
15306304
18920443
17568504
18668574
15803377
15803376
15803293
18668623
19308433
14795841
18390096
14806669
15712595
17784980
19680580
10577432
12992001
17774306
17558866
19517300
17558606
19775261
15479514
19774340
19680818
16313146
19252823
15860818
15860817
18252202
19803469
18412586
17874086
19517302
1709905
14151286
17145256
19679937
15860822
18252203
19803611
18412587
17874087
19517303
15414513
17145795
19687326
15860823
18553965
19778233
19731878
17198625
19754914
19731879
19754915
19680807
19775029
19689590
15479632
15588307
18024276
19775110
19774331
15510804
15860811
19775247
19774325
19775248
19774326
18775550
19775244
19774322
18775547
19775254
19774329
19775249
19774327
18775551
19775246
19774324
18775549
19775245
19774323
18775548
19775255
19774330
19775243
19774321
18775546
19775253
19774328
19757738
19645208
19645207
18553961
19015342
19757706
19778239
19808950
19747253
19688524
19778076
19775008
17568390
15588316
17774455
19680596
16658274
19778240
17381556
17558869
17677323
19808951
15803320
15865580
17578149
19747254
19517323
19688525
18053398
17558143
17974950
1709913
15414534
19778077
19644978
16313161
19775009
15866493
16657950
15473609
15860829
17145861
18553972
19644155
18179299
18179303
18179307
18140820
1091095
19680805
19775027
19689588
19720520
18553937
19780123
19436409
12329819
132385
2605284
132387
19757725
19757728
16157110
18029707
18775525
16157109
15866480
15866479
19644150
19645203
18775515
19644151
321880
17961732
15860805
19505983
19457312
19187770
13763882
16342923
10693570
19777476
15473602
19774128
19774129
15803331
15803332
18390110
12934591
12934590
19515250
15870352
19687243
15870351
15870350
18390113
18390114
153522
18098097
19778236
17162007
18412579
18140980
17875940
18053405
15479521
19645204
8607259
17961722
16657993
17961714
18412578
17875939
8607260
18412577
17875938
8607258
17556870
17568387
17568384
17568388
18132579
18668603
19308420
18668602
19308419
18668619
19308452
18668616
19308437
18668620
19308453
18668621
19308456
19605015
19208258
18390051
19015349
14151314
19757710
17198617
19015365
19757734
12934234
19803613
18390047
15479513
3292724
19505985
14619399
17444281
17558588
17558587
17558591
17558595
17558594
17558592
17558593
17558590
17558589
19733979
18029019
15803304
15712372
18122930
18048428
18122931
18048429
19244785
19508367
14084923
14084922
241329
17943452
17943451
19732718
16658281
19645206
16657997
18553970
18048437
17784978
19678144
13906322
19803879
12022
19515094
12023
19515095
19681134
19732670
14832464
172446
172445
172434
19814386
6375904
19803603
19803449
18468770
16157078
19678153
18048431
19783307
19775161
19734966
19734967
323490
19681261
19197192
15414514
14796113
19015359
19757737
19015410
19757735
19015356
19757730
19517277
19808945
19808948
19808946
19808947
19771860
19771859
19803455
17381418
19680741
19680565
19680804
19775026
19680743
19680742
19680744
17559158
17677321
17677320
15865716
17873692
17873711
17873697
17873695
18024274
10425735
19775251
19774337
111
15860809
18024284
10425740
19775120
19774335
113
15860814
17443662
17443663
17443666
19732671
19680589
17162017
18394118
19778078
19803477
10698705
18179300
15712597
19013680
15417602
19803478
17873704
19094133
12742544
15417605
19803612
17875937
19775021
15473600
1082944
19709285
12007
19709286
19709287
19733982
80951
18034234
14861657
15865569
17558603
19196107
15865568
17558602
19196106
19775162
17568376
17568375
15712592
15712591
15588314
18668639
15865557
19135842
19135843
10425747
15510839
17986470
15588452
19803435
19680566
17684395
16025164
14861650
14861653
14861635
19516221
19687841
19023514
18035996
17873696
17875916
17873693
17873690
16142746
19731975
19774126
19811928
18412564
19266650
19306648
17558577
17974938
16142816
1733313
15866842
19732711
16157152
16157151
17706807
19775104
19774318
15473599
16157038
19252944
35045
19783393
14619829
8509828
17570671
17570667
172436
17254743
18495899
18495613
19208260
15881070
1709921
17873716
16033945
18122926
1040873
18122928
1040874
17718786
17718787
19771902
18024273
10425734
19775250
19774336
110
15860808
19187769
10206360
19680564
18123397
18123398
19678805
17684408
17559162
14619782
17684409
17559163
14619783
18400584
10913086
18412580
18412561
1733314
19776253
17145260
15414522
19687919
19563021
19563022
15901991
15901992
19783396
15510838
17559143
12329802
19777484
19777479
19777485
19777474
19777482
19777486
16142745
19775103
19774317
17578138
12934223
19680575
14598450
19783308
16657804
19678772
19784249
15790253
202933
18029020
15803305
15712373
8789195
18664759
17100209
18916779
19760027
19015404
19757719
19015405
19757720
19758861
19707186
10425746
18029018
17874088
18668625
18664631
18664627
18664628
19784250
15866471
15866470
15866469
15866472
15866473
19808824
17677311
15414620
17785015
17873676
17873685
17874039
19732715
17578139
10336044
18465016
19775118
19775262
1709918
1709919
16142841
16157157
17986468
12934649
17986467
18394125
15414504
18390111
17568446
35060
18048401
17874042
19711311
19783391
18140981
18140569
19508815
19687636
15995918
15865586
19644206
19644207
15995915
15865583
19644145
15995917
15865585
19644147
15865582
18916313
16658223
14619397
18025460
16514558
17145895
19775106
19774320
19658705
14703728
19277735
19277736
19515249
19252945
18029269
16908757
18874631
442665
19678141
19678135
19678136
18874632
17974999
19803454
19803453
19689834
19680011
19680012
19678151
19678152
19681379
19771744
19680571
19680717
19774982
19689034
10206359
1733311
19680563
15511025
15511036
15479512
17570720
15804222
15804224
19680568
19732729
18465017
18465018
16135608
15995914
15865581
19644205
18775517
11769537
19579019
19579020
18412563
18412558
17100127
17677312
17677313
19681138
9626410
9626411
16143049
15712598
18668607
19308442
18668617
19308450
14883638
18668618
19308451
14883639
18140572
17222672
323492
19197190
19681124
18150615
18150614
1114834
14718033
16646635
5592794
2149399
17710662
14619810
15582971
15390302
17564751
19731399
15865564
17558600
19196105
17558601
15865563
17558599
19196104
15865573
19250204
19517336
19775257
19774342
16313147
19783394
35044
19361247
19783384
19783376
19711312
19783392
19771889
19783374
19783375
19707350
18123385
18123384
18301764
17162021
18301759
18140561
18140560
16157058
18140571
19734005
19734931
16157095
16026153
19711803
19687237
19771740
10520538
16646104
10609865
10609860
10609858
10609859
10609861
18140582
19778839
19517276
19775256
19774341
19644191
17784984
19708793
15860848
18664630
64354
17558149
17107838
17107814
19814492
12934233
13612113
19505987
15858964
15712308
17706855
15901990
7817052
808753
7817053
1510078
1510077
14151274
19681220
16033946
18497341
15870049
19776254
15803375
19187650
19187649
19187651
17874032
17874031
19505991
19505986
16312926
16313130
17784977
10693620
19687842
19813752
18132688
14087444
17162006
19644278
16927928
16927929
19250116
14151278
16313144
15588309
4347869
17558583
19681359
17560273
17873698
15293042
18029696
18775524
10577430
18402459
15417572
16658245
15511213
17874023
16146281
18497053
18029721
1538831
15417576
4885083
18029722
19681152
16146282
16232160
4885082
15510692
18465023
19681145
19681147
19681143
19681149
16232161
18400607
16146285
18497060
16658215
16232163
15588311
1538833
12934482
12934483
15803329
18029022
13004719
19776908
18179310
15803330
18029023
16313150
19776909
18179311
15417585
323507
19197189
18179312
19678773
19277729
19277728
19187646
19187644
19187642
19277730
19771745
19208259
18390052
19015350
14151315
19757711
17198618
19707173
19707174
19680803
19775025
19689587
14619412
17444226
3292723
19680652
19197182
19505984
19505990
19680653
19197183
19808820
19687178
19783389
19775105
19774319
19814491
15417589
19778070
19778069
15479511
19252958
4233436
15870527
19137711
16071424
18024275
10425736
19775252
19774338
112
15860810
17558145
1709920
1709917
18301560
17558146
17558147
16908759
19645205
17560039
15588444
18025463
10577451
15860838
15479634
19645094
19645095
529301
16142763
17974517
18415326
16034090
18025462
3292719
19732714
18390108
19757739
17955660
19755812
18495595
19803452
18036005
11159257
19250198
19250200
19250199
19250203
19250201
15712585
15712589
15712590
19680765
17873683
17558215
19775309
19774378
19678134
17874073
17875914
19760020
15803316
19775022
19015411
19757736
18036004
11159256
19775010
18036007
16157098
583
18495596
14012670
15414531
19687922
15414532
19687923
19679966
17874074
16135916
19680663
19681263
19197191
19680664
19681262
19197193
18468235
14516141
19507628
19197185
19679950
18775512
13906302
172435
19755832
4233429
15870526
18029010
19776914
15414621
10607919
19762390
19709330
19734932
16157127
17198609
15865567
12934588
15417582
13612114
19687224
17381560
15588305
15803299
6190169
15479516
10607925
52627
18661986
18301552
14806659
16157071
18252198
18140581
17925206
18029698
15788089
18497064
15860807
18497050
19732732
16161663
19680957
19808952
15866237
17560269
17875915
18497054
15860812
17875918
18497019
19197822
19680567
10577534
1709901
16657886
15803337
15804203
15804202
14861656
15790252
16142766
19775119
15866474
19803436
19803437
17684376
19250118
14619830
14619828
17558150
18774446
18774449
18774451
18774447
18774450
18774452
19803616
19803619
19803630
19803617
19803620
19803631
17107839
17107815
17100128
19776886
18179309
19758314
19757727
14151275
19681225
2605268
19707175
19707176
19707177
19707178
19707179
19707180
19771877
19771876
19678774
15510958
15510959
19680762
19680763
19680764
19505992
17774266
17774267
10903286
10903285
10903290
15957735
10903289
15957734
18883726
16301678
10903288
18805840
10903287
18805841
19172568
16301663
17878533
16301662
19708791
19707181
15860804
19687920
10336043
11643112
18497063
15510803
12872753
18123396
18123395
17568393
17568392
17568391
19680590
13763883
19250202
19680766
19680769
14796115
14796117
14796118
14796116
sqlite> SELECT id, name FROM moz_cookies;
19771595|.ASPXANONYMOUS
19808833|1P_JAR
19747024|1P_JAR
19758319|1_C_20
19758320|1_C_20
18036006|3060738.3440491
11159258|3060738.3440491
19680945|4112525968F44D5C99DF0BDE0C235561
19680576|64550
15588334|6suuid
18180419|6suuid
18416650|6suuid
18053466|6suuid
17974996|6suuid
16157108|AAMC_cbsi_0
18029706|AAMC_mlb_0
13160592|ACCOUNT_CHOOSER
17862826|ACOOKIE
15588288|ADSK_GDPR_OPT_LENGTH
19808834|AEC
17748576|AMCV_0C1038B35278345B0A490D4C%40AdobeOrg
15293043|AMCV_0D15148954E6C5100A4C98BC%40AdobeOrg
19803445|AMCV_0FEE68F454E6D1890A4C98A6%40AdobeOrg
16151006|AMCV_10D31225525FF5790A490D4D%40AdobeOrg
18431638|AMCV_14215E3D5995C57C0A495C55%40AdobeOrg
1538830|AMCV_1D1F27E253DAA9CC0A490D4E%40AdobeOrg
18775521|AMCV_248F210755B762187F000101%40AdobeOrg
15788615|AMCV_2C5D27FF5CFA30F20A495E81%40AdobeOrg
18048438|AMCV_2E27401053DB4FE50A490D4C%40AdobeOrg
17558604|AMCV_3AE7BD6E597F48940A495ED0%40AdobeOrg
16232165|AMCV_3BE068F454E7806E0A4C98A6%40AdobeOrg
15510691|AMCV_4D6368F454EC41940A4C98A6%40AdobeOrg
18465022|AMCV_4D6368F454EC41940A4C98A6%40AdobeOrg
19681129|AMCV_6B61EE6A54FA17010A4C98A7%40AdobeOrg
15588313|AMCV_6DC7655351E5696B0A490D44%40AdobeOrg
14087445|AMCV_7742037254C95E840A4C98A6%40AdobeOrg
19644208|AMCV_8853394255142B6A0A4C98A4%40AdobeOrg
18053473|AMCV_8D6867C25245AEFB0A490D4C%40AdobeOrg
17560272|AMCV_8E929CC25A1FB2B30A495C97%40AdobeOrg
17875924|AMCV_969430F0543F253D0A4C98C6%40AdobeOrg
18024384|AMCV_A65F776A5245B01B0A490D44%40AdobeOrg
15803314|AMCV_A8AB776A5245B4220A490D44%40AdobeOrg
1538838|AMCV_A9893BC75245B1D70A490D4D%40AdobeOrg
4885085|AMCV_B9B28F7954BD76240A4C98BC%40AdobeOrg
18662030|AMCV_C7A21CFE532E6E920A490D45%40AdobeOrg
15860820|AMCV_CB68E4BA55144CAA0A4C98A5%40AdobeOrg
15865551|AMCV_D10F27705ED7F5130A495C99%40AdobeOrg
19681360|AMCV_F6301253512D2BDB0A490D45%40AdobeOrg
18412581|AN
18871182|ANID
19367070|APISID
19367106|APISID
16157156|ASDT
17986476|ASDT
19731405|AWSALB
19783403|AWSALB
18871203|AWSALB
19733993|AWSALB
19814489|AWSALB
19806442|AWSALB
18773939|AWSALB
19734054|AWSALB
19783361|AWSALB
19778843|AWSALB
19733991|AWSALB
19731406|AWSALBCORS
19783404|AWSALBCORS
18871204|AWSALBCORS
19733994|AWSALBCORS
19814490|AWSALBCORS
19806443|AWSALBCORS
18773940|AWSALBCORS
19734055|AWSALBCORS
19783362|AWSALBCORS
19778844|AWSALBCORS
19733992|AWSALBCORS
18806969|AWSALBTG
18775552|AWSALBTG
18806970|AWSALBTGCORS
18775553|AWSALBTGCORS
19678143|AnalyticsSyncHistory
17711146|AspenUser
19732713|BA_0021
18048441|BCSessionID
17784983|BCSessionID
15865556|BMAID
202886|BOA_0020
17684382|BT_GUID
19803488|BVBRANDID
19803878|BoxEdit-bgp-id
14619756|BrowserCookie
11159254|BrowserId
11159255|BrowserId_sec
15246448|CAP.d0ff1d6e
19739304|CFID
19784097|CFID
19739305|CFTOKEN
19784098|CFTOKEN
17558126|CMSPreferredCulture
19813255|COMPASS
19810719|COMPASS
19809069|COMPASS
19810630|COMPASS
19809200|COMPASS
19809195|COMPASS
19810573|COMPASS
19767576|COMPASS
19783891|COMPASS
19813504|COMPASS
19779956|COMPASS
19812676|COMPASS
19813915|COMPASS
19812487|COMPASS
19809225|COMPASS
19690060|COMPASS
19721822|COMPASS
19814376|COMPASS
19812500|COMPASS
19778943|COMPASS
19803606|CONSENTMGR
17875917|CONSENTMGR
16157155|CSDT
17986475|CSDT
19681219|CTT
18252191|CVID
19774979|Conversion
15992816|CookieConsent
11159252|CookieConsentPolicy
16646090|CookieConsentPolicy
14861658|CookieLawInfoConsent
19505989|CoreID6
202931|CoreID6
17558134|CurrentContact
19681139|D41ID
15866489|D41ID
18400583|DES5c83660b37688a4b6b8d55b641cc92081
683855|DEVICE_INFO
179052|DEVICE_INFO
19734057|DotMetrics.DeviceKey
19734058|DotMetrics.UniqueUserIdentityCookie
17871417|Drupal.visitor.autologout_login
15866491|ELOQUA
17107807|EL_PREF
19783306|ESTSAUTHPERSISTENT
17566484|EUID
16033207|EXPID
15711617|FCCDCF
15711717|FCCDCF
19208262|FCNEC
15711618|FCNEC
19517321|FCNEC
15711718|FCNEC
17443676|FCNEC
18412559|G
17677314|GACLIENTID
17677315|GATRACKID
17564479|GSP
19734835|GU_mvt_id
14151295|G_ENABLED_IDPS
24732|G_ENABLED_IDPS
10577478|G_ENABLED_IDPS
18098396|HMACCOUNT
19367068|HSID
19367104|HSID
18098397|Hm_lvt_1a8713f37b8ad2dde3f2f824688706f5
16157159|IQMID
17986478|IQMID
16157158|IQPData
17986477|IQPData
16157153|IQver
17986466|IQver
18874633|JSESSIONID
16658387|KmxVisitor_0
28731|LOGIN_INFO
19367065|LSID
11159253|LSKey-c$CookieConsentPolicy
16646091|LSKey-c$CookieConsentPolicy
1709922|LyQ6hKkP
13689474|MC1
153573|MC1
19517316|MGX_CB2FA72CBDEC
19517315|MGX_U
19517313|MGX_UC
18181539|MSFPC
6375986|MSFPC
18205325|MSFPC
16033206|MUID
7039385|MUID
16033197|MicrosoftApplicationsTelemetryDeviceId
18205311|MicrosoftApplicationsTelemetryDeviceId
6376351|MicrosoftApplicationsTelemetryDeviceId
19783289|MicrosoftApplicationsTelemetryDeviceId
9035140|MicrosoftApplicationsTelemetryDeviceId
18205312|MicrosoftApplicationsTelemetryFirstLaunchTime
6376352|MicrosoftApplicationsTelemetryFirstLaunchTime
19783290|MicrosoftApplicationsTelemetryFirstLaunchTime
9035141|MicrosoftApplicationsTelemetryFirstLaunchTime
1709935|NBCU_UUID
19811169|NID
19529457|NID
19687937|NS2Modal
19783385|NYT-S
18173337|NetflixId
15417595|NoCookie
15588289|OPTOUTMULTI
15866238|OPTOUTMULTI
15588291|OPTOUTMULTI_REF
15588290|OPTOUTMULTI_TYPE
17842562|OSID
17842216|OSID
17878568|OSID
19367090|OSID
18416652|OTP
19015406|OTP
15414624|OTP
19758318|OTP
19731882|OTP
17198608|OTP
19761651|OTP
17906117|OTZ
15977185|OTZ
19789764|OTZ
17878618|OTZ
16033179|OTZ
15901506|OTZ
16157072|OneTrustWPCCPAGoogleOptOut
18029699|OneTrustWPCCPAGoogleOptOut
18497065|OneTrustWPCCPAGoogleOptOut
19761247|OnetrustActiveGroups
17829433|OptanonAlertBoxClosed
19515117|OptanonAlertBoxClosed
17974941|OptanonAlertBoxClosed
15306310|OptanonAlertBoxClosed
7817055|OptanonAlertBoxClosed
7816851|OptanonAlertBoxClosed
1510944|OptanonAlertBoxClosed
19521502|OptanonAlertBoxClosed
19015376|OptanonAlertBoxClosed
168296|OptanonAlertBoxClosed
19680833|OptanonAlertBoxClosed
19732731|OptanonConsent
15880560|OptanonConsent
16157035|OptanonConsent
19681174|OptanonConsent
18252218|OptanonConsent
17829434|OptanonConsent
18662020|OptanonConsent
15510632|OptanonConsent
18140575|OptanonConsent
19778842|OptanonConsent
18029697|OptanonConsent
19783367|OptanonConsent
18775518|OptanonConsent
18150619|OptanonConsent
17974940|OptanonConsent
15788094|OptanonConsent
18497066|OptanonConsent
19778170|OptanonConsent
17569912|OptanonConsent
19252947|OptanonConsent
15306311|OptanonConsent
7817056|OptanonConsent
8157084|OptanonConsent
1510945|OptanonConsent
19521503|OptanonConsent
15417606|OptanonConsent
19778235|OptanonConsent
19771606|OptanonConsent
18053409|OptanonConsent
19015403|OptanonConsent
19761246|OptanonConsent
19680834|OptanonConsent
16157044|OptanonConsent
13906311|OptanonControl
19732712|PI
19711862|PREF
54|PREF
18181531|PowerPointWacDataCenter
17554980|PrestaShop-1f74b66657ae04c9f2e3ce39ce786891
19086728|QST
17558982|R
17774268|ReferringWebsite
19813254|S
19810718|S
19809068|S
19810629|S
19809199|S
19809194|S
19810572|S
19367071|SAPISID
19367107|SAPISID
19687231|SC_ANALYTICS_GLOBAL_COOKIE
19367062|SID
19367101|SID
19711935|SIDCC
19783386|SIDNY
19770130|SNID
17570361|SSESS9debeb66dec308bff6be8373dddbe46d
19367069|SSID
19367105|SSID
19680586|SSID_C
19680628|SSPV_C
19680587|SSRT_C
9341306|SWID
18053406|SWI_SiteCatalyst_ID
18053400|SWI_SiteCatalyst_ID
18173336|SecureNetflixId
17706851|SumtTheme
17198605|TADANON
16142762|UID
19678142|UserMatchHistory
18252196|V
17799911|VISITOR_INFO1_LIVE
15993070|VISITOR_INFO1_LIVE
17558131|VisitorStatus
19135841|WMF-Last-Access
19518010|WMF-Last-Access
15901988|WMF-Last-Access
19135845|WMF-Last-Access
15510960|WMF-Last-Access
19518013|WMF-Last-Access
15901993|WMF-Last-Access
19434959|WMF-Last-Access
19518012|WMF-Last-Access
15510956|WMF-Last-Access
15510957|WMF-Last-Access-Global
19518011|WMF-Last-Access-Global
15901989|WMF-Last-Access-Global
17862858|WT_FPC
18181532|WacDataCenter
18205314|WacDataCenter
18205313|WordWacDataCenter
19803468|X-AB
17863257|XID
17162005|XSRF-TOKEN
19689338|_GRECAPTCHA
15510433|_GRECAPTCHA
18669464|_GRECAPTCHA
17578145|_GRECAPTCHA
18301564|_GRECAPTCHA
19062474|_GRECAPTCHA
18140562|_HFID
14795946|__106_cid
16135728|__187_cid
19367066|__Host-1PLSID
19367067|__Host-3PLSID
19775080|__Host-GAPS
17906476|__Host-GMAIL_SCH_GML
17906474|__Host-GMAIL_SCH_GMN
17906475|__Host-GMAIL_SCH_GMS
19687225|__Host-user_session_same_site
19687230|__LVLang
19367072|__Secure-1PAPISID
19367108|__Secure-1PAPISID
19367063|__Secure-1PSID
19367102|__Secure-1PSID
19814521|__Secure-1PSIDCC
19711936|__Secure-1PSIDCC
19367073|__Secure-3PAPISID
19367109|__Secure-3PAPISID
19367064|__Secure-3PSID
19367103|__Secure-3PSID
19814522|__Secure-3PSIDCC
19711937|__Secure-3PSIDCC
17842563|__Secure-OSID
17842217|__Secure-OSID
17878569|__Secure-OSID
19367091|__Secure-OSID
17873689|__Secure-kdid
18394119|__Secure-next-auth.session-token
19778846|___iat_gid
19778848|___iat_vis
202900|___r30306
19208257|__amc
18416653|__amc
19015407|__amc
15414623|__amc
19758312|__amc
15803313|__attentive_cco
11159269|__attentive_cco
15803311|__attentive_id
19775012|__attentive_id
19645097|__bot
17568502|__cmpccpausps
17568499|__cmpconsentx11319
17568501|__cmpcpcx11319
17568500|__cmpcvcx11319
15117892|__dcfduid
12934402|__gads
202899|__gdic
16135470|__gpi
19776787|__io
19774857|__io
16151060|__io_cid
19775095|__io_first_source
19774301|__io_first_source
19775097|__io_lv
19774303|__io_lv
19775099|__io_pr_utm_campaign
19774305|__io_pr_utm_campaign
19776786|__io_r
19774856|__io_r
19774308|__io_unique_44395
19680734|__kla_id
19775001|__kla_id
18669463|__kla_id
16908758|__lgc
16927646|__opTest
18497062|__pat
15510801|__pat
19803465|__pdst
240968|__pdst
13612117|__plan_type
12872744|__pnahc
18497059|__pnahc
15117893|__sdcfduid
15803364|__smListBuilderShown
15803333|__smToken
15803300|__smVID
10577425|__split
14151287|__ssid
17570712|__stripe_mid
19250108|__tad
19250112|__tad
11643109|__tbc
18497061|__tbc
15510800|__tbc
12872751|__tbc
13612118|__user_id
14604446|__utma
14604448|__utmz
19645096|__vst
12934620|_aUID
15417593|_abck
19771749|_abck
17748579|_abck
19681136|_abck
15866235|_abck
17862566|_abck
17558607|_abck
18775514|_abck
8243925|_abck
15803335|_admrla
17568386|_alicloud_ab_trace_id
15803312|_attn_
19775011|_attn_
18029016|_au_1d
15803296|_au_1d
15712361|_au_1d
10425739|_au_last_seen_iab_tcf
18029017|_au_last_seen_pixels
15803297|_au_last_seen_pixels
15712362|_au_last_seen_pixels
16157160|_awl
17986482|_awl
15803334|_awl
15479525|_awl
16343078|_bit
17568371|_bl_uid
14643781|_cap
19687232|_cart|321a6afd-714e-4864-a37a-21774205ec44
16157052|_cb
18662006|_cb
18661992|_cb_ls
19219591|_cc
19732668|_cc
19778228|_cc_exp_id
16135919|_ccpx_u
16157067|_chartbeat2
18662019|_chartbeat2
19776885|_chorus_geoip_continent
19128478|_cioanonid
13689478|_clck
19184519|_cls_v
15860819|_cls_v
19774995|_cmp_a
19689599|_cmp_a
19803610|_cq_duid
19778075|_cq_duid
19681322|_cs_c
13906318|_cs_c
1709906|_cs_c
240970|_cs_c
7003573|_cs_c
19771966|_cs_id
18775522|_cs_id
1709907|_cs_id
19252821|_cs_id
18553966|_cs_id
17558861|_dd_device_id
5031467|_device_id
15860839|_dj_sp_id
7003550|_ds_id
17986465|_fsuid
18722693|_ga
19507331|_ga
19308483|_ga
18132585|_ga
18774445|_ga
18495426|_ga
19308466|_ga
19687478|_ga
18570402|_ga
19687819|_ga
17774302|_ga
18342025|_ga
18029003|_ga
15880540|_ga
19783402|_ga
16658269|_ga
16936867|_ga
16157049|_ga
15711603|_ga
18094231|_ga
19711826|_ga
17100195|_ga
15511212|_ga
18253276|_ga
17558865|_ga
19711801|_ga
18580057|_ga
17162009|_ga
19731403|_ga
14712020|_ga
17677317|_ga
15870354|_ga
19803615|_ga
19777491|_ga
18412584|_ga
18123382|_ga
15510690|_ga
16327813|_ga
19758858|_ga
15992848|_ga
17955190|_ga
15510431|_ga
15803308|_ga
18140574|_ga
53037|_ga
17925203|_ga
18669059|_ga
18669068|_ga
18090311|_ga
17875952|_ga
17578147|_ga
19778841|_ga
17862569|_ga
19123438|_ga
19188848|_ga
18390042|_ga
19508817|_ga
19747250|_ga
19517306|_ga
19687499|_ga
18722268|_ga
18580021|_ga
16146278|_ga
18671353|_ga
18399311|_ga
15881077|_ga
19134388|_ga
19094135|_ga
19783366|_ga
18301573|_ga
15479520|_ga
17558141|_ga
17222671|_ga
18668494|_ga
18773942|_ga
18149246|_ga
18722588|_ga
18124824|_ga
19197579|_ga
17974943|_ga
1709911|_ga
18495585|_ga
19707307|_ga
15414510|_ga
15866847|_ga
18668598|_ga
19778074|_ga
19511623|_ga
17381626|_ga
19644211|_ga
16033953|_ga
16033806|_ga
18495612|_ga
19775024|_ga
19252819|_ga
15866482|_ga
17568508|_ga
19128469|_ga
19757705|_ga
17974523|_ga
15762026|_ga
19308431|_ga
15711704|_ga
18465039|_ga
18669910|_ga
19731875|_ga
17444223|_ga
19013679|_ga
19776907|_ga
19025017|_ga
14611246|_ga
19012637|_ga
18669596|_ga
19782906|_ga
14725253|_ga
16173347|_ga
18772803|_ga
19687239|_ga
17564267|_ga
18250350|_ga
17564753|_ga
19731401|_ga
18179305|_ga
14643779|_ga
19755793|_ga
19708795|_ga
19687793|_ga
15473604|_ga
18553963|_ga
19808883|_ga
15499502|_ga_03103VCYBK
17974998|_ga_092EL089CH
14601974|_ga_0EYJGC1REQ
9733587|_ga_0L4MQXX0V4
18908168|_ga_0QRTD3GF9E
15212435|_ga_0RGLV9DHCL
18580037|_ga_0RZQB98VBG
19687412|_ga_11CE2JXHZB
18722688|_ga_12MQZTB3JH
19783414|_ga_1CZR7S640V
17568596|_ga_1H226E4E4L
15141659|_ga_1T7R9X5M6E
15510581|_ga_252TXMHGJ0
17558216|_ga_285S7SD36R
19783365|_ga_2DKNDMK0L2
18661085|_ga_2N9JP0W2PC
16936925|_ga_2P9YLYXQJ9
18774453|_ga_2RTKZX15VD
19439152|_ga_32P64PCXQL
19088680|_ga_360844584
17154534|_ga_3EW206SLXS
19782927|_ga_3F5L6WYJ4W
19808887|_ga_3LRZM6TM9L
15725440|_ga_3M2TD7S5H6
53100|_ga_3WTQFP9ECQ
19761029|_ga_49ZX3FK9WX
18253580|_ga_4E2RKKZ7KT
17154533|_ga_4HEE092K89
15499501|_ga_4NK0YH7CM9
16034027|_ga_4P31SJ70EJ
19308477|_ga_576K0MV60P
18405447|_ga_57WDQ5KDC5
15880561|_ga_5DXTP07SYF
18187184|_ga_5W4QD38R5C
19803614|_ga_5YE3J5TC4R
17774138|_ga_5Z60EH83Q9
19125833|_ga_61CH0D2DQW
17925297|_ga_69TD0KNT0F
15866518|_ga_6E42NSZCE2
18132592|_ga_6E9V52LW6R
15510712|_ga_6HK6J9JJH3
18029030|_ga_6KZNE7S7KS
18495912|_ga_6M86390YBL
19511929|_ga_6SNESLGK16
18098174|_ga_6VXTC1Y945
18669065|_ga_72ZKG72Z4K
5267567|_ga_7BKEVTNJYG
18125214|_ga_7LWTE8YHGB
17169617|_ga_7TH33PPF20
17925280|_ga_7VWL1Z2T3K
6156032|_ga_7XBDZWMDKC
15710981|_ga_8JEHN1MD25
17871398|_ga_8N150MLLPP
18723669|_ga_907C32EXHD
15711961|_ga_945WSFJR6C
19308482|_ga_9BTF099C0Y
19777168|_ga_9GXHZT6RVE
19778171|_ga_9JSNBCSF54
19775069|_ga_9SRX1DCGM5
14619808|_ga_9TNNMGP8WJ
19755792|_ga_9YNMTB56NB
18124823|_ga_9YTZJE58M9
7490988|_ga_BDYWJMXEJS
16173372|_ga_BWJ4Z4Y66X
18179444|_ga_C3QZPB4GVE
19134494|_ga_CEH26SKTJF
18465043|_ga_CVH19TBVSL
16161675|_ga_CX5QMT3PP8
19109567|_ga_CYC32D65QQ
8644047|_ga_D1QMWKXJH4
18773941|_ga_D36B6EXMET
15881133|_ga_DCG3MM670F
15212434|_ga_DG41MK6DDN
19691562|_ga_DGMX4Q7Z10
17774159|_ga_DP2X732JSX
8644046|_ga_DQ5DBGD865
17564402|_ga_DRN9S4C90Y
18669077|_ga_DRSMCND71P
18113963|_ga_DSMP342YBJ
17774137|_ga_DTEQ1JM2SG
19758859|_ga_DWCCJLKX3X
19751697|_ga_E1LQ58DG8R
18668495|_ga_E1Q1BML6E5
18669960|_ga_EBDQXGZ6R1
17154532|_ga_EP80VM425C
19036875|_ga_EPB7VSX6H0
17925296|_ga_EQVZX0SCVD
17578183|_ga_ESZ6JHQ1T5
19775070|_ga_ETBJ2F4XFJ
16033811|_ga_EVD5Z6G6NH
18722577|_ga_EZ84JR52X5
18090310|_ga_F07KT3P0SW
19517891|_ga_FB5D97VJNM
13445221|_ga_FBG0MNKY3C
18250351|_ga_FL92T52KS0
15866878|_ga_FVD9186VJR
19188847|_ga_FY6EZRJLE2
18140979|_ga_G7TMZ0XEZJ
18342035|_ga_G99DMMNG39
18123507|_ga_GC86DQXB4X
8647710|_ga_GCR6CCG74B
17564403|_ga_GDSPR8016V
19731404|_ga_GHG7XR2CMP
19707321|_ga_GWV2V1WB5F
17774170|_ga_H09QL40GT7
18669075|_ga_H0YHKP362D
16188313|_ga_HB874P87TP
18671336|_ga_HE25ZPBKL3
18773943|_ga_HFDNVE0DSC
11701004|_ga_HVM62L7XTD
19197596|_ga_HYJFRV4455
17774142|_ga_J47PLXSCBN
19507343|_ga_J70SYZBTQ7
17905699|_ga_J7JHVCT5CT
19711939|_ga_JRY4CDQCD7
15762100|_ga_K58PK5TPDJ
17558984|_ga_KN80RDFSQK
19687792|_ga_KZKHC94SBZ
19094916|_ga_KZX6JEMLPS
18554004|_ga_L8TBF28DDX
19025016|_ga_LL5Q69D404
15762099|_ga_LMBT0GR7DR
17685892|_ga_LRSBGK4Q35
19758321|_ga_LXE1RXZXSE
15870415|_ga_M8BMXYY0NQ
19128494|_ga_METWHQGTC7
17955221|_ga_MJ8W5B8R0J
19645221|_ga_MS5EHT6J6V
18499338|_ga_N4C1S5EPV1
18669652|_ga_NCG17HTGY7
19308478|_ga_NG9EBP85M0
9860347|_ga_NM6KMDF9LV
18094330|_ga_NPHQQMVQGF
17748584|_ga_NTWN6LKPPS
16328002|_ga_PPB4CD6BSJ
11771972|_ga_PS97MTPWLC
14619605|_ga_Q083SYM3V7
17677432|_ga_Q1TD2C6T2B
17444350|_ga_Q52H441J15
14712025|_ga_Q61Y5YWXL4
19036986|_ga_Q74JQJCYJK
17677431|_ga_Q7TEQDPTH5
15495316|_ga_QBYNH79H3J
14078977|_ga_QQ8ZJ9KS0S
19252936|_ga_QTJQME5M5D
19731888|_ga_QV9JMD11ZD
19761030|_ga_QY7WXHK8CT
19783360|_ga_R15GHTDZCL
19687240|_ga_R2QC9402W9
2635742|_ga_R7GWSHH1MW
18669073|_ga_RN78LDXHRB
19088683|_ga_RQKW2449JN
18668599|_ga_S0TTB36BQT
18247834|_ga_S1BS987E2K
15414653|_ga_S34VRNNVTV
18773988|_ga_SQ5BQ3WF2W
19508821|_ga_T7QHS60L4Q
18669076|_ga_TBNV764ZC7
19751698|_ga_TFGW8PSP67
18412766|_ga_TQVES5V6SH
19778020|_ga_TR89LWVFDW
2285360|_ga_V51HV0BS1P
18650192|_ga_VG745JH53Y
19803599|_ga_VPHYL35G6L
15516463|_ga_VZYS72YCWP
19687477|_ga_W20NGT1359
17974578|_ga_W4CMY55YQZ
19094917|_ga_W6RNX75Q2P
18669074|_ga_W7T9YQJQXP
1709929|_ga_W9CJ9X8B9T
19752197|_ga_WLKCE9N517
18301880|_ga_WLY71C5J9C
17774127|_ga_WP7GR6MS4M
19709409|_ga_WRCN68Y2LD
19308460|_ga_WVMG3VWD6Y
17212435|_ga_X2DVZ6FTH3
18495534|_ga_X77LCQLS8J
19751696|_ga_XGZ99F1SED
19782926|_ga_XJ9SKW94MM
19711940|_ga_XK7VR9RPWM
15995322|_ga_YDP6F8K386
19779065|_ga_YJ6L8N9LXB
18149278|_ga_YTMBPD5RB8
17100213|_ga_YZNPNQ0F2S
18416654|_ga_Z0TZ7TDHS1
14725272|_ga_Z2CGJ2TLK4
17566413|_ga_Z7EXLLG4FW
19711938|_ga_ZE0FEW10NV
15860312|_ga_ZMRF0KD937
17925301|_ga_ZY6FM95CS5
19506862|_gaexp
17568370|_gcl_au
19681473|_gcl_au
17684394|_gcl_au
19187657|_gcl_au
16658227|_gcl_au
12934257|_gcl_au
19778237|_gcl_au
17381547|_gcl_au
17558863|_gcl_au
17559146|_gcl_au
19803471|_gcl_au
18412572|_gcl_au
18123380|_gcl_au
9341301|_gcl_au
19758860|_gcl_au
15803306|_gcl_au
18669462|_gcl_au
15864877|_gcl_au
16646620|_gcl_au
17873705|_gcl_au
17578140|_gcl_au
19515119|_gcl_au
15716547|_gcl_au
19517299|_gcl_au
18035998|_gcl_au
18142860|_gcl_au
17558586|_gcl_au
17556875|_gcl_au
19775090|_gcl_au
17107803|_gcl_au
15479517|_gcl_au
13906309|_gcl_au
17558139|_gcl_au
15958825|_gcl_au
14619769|_gcl_au
19774299|_gcl_au
18497030|_gcl_au
15510793|_gcl_au
14151279|_gcl_au
15866845|_gcl_au
19778072|_gcl_au
10577429|_gcl_au
11159225|_gcl_au
16300695|_gcl_au
15711699|_gcl_au
17961734|_gcl_au
17145244|_gcl_au
17907073|_gcl_au
19679918|_gcl_au
17564265|_gcl_au
16657812|_gcl_au
10157900|_gcl_au
16879930|_gcl_au
19713587|_gcl_au
11389343|_gcl_au
15860825|_gcl_au
7003568|_gcl_au
11159224|_gcl_aw
14708800|_gd_svisitor
15588302|_gd_visitor
17684398|_gd_visitor
18390039|_gd_visitor
18053403|_gd_visitor
14619774|_gd_visitor
1503208|_gtgvid
18874655|_guid
15880538|_gz_taid
16410026|_hash
16410027|_hashV
18123388|_hp2_id.1400472488
18412575|_hp2_id.1404198904
17986205|_hp2_id.3001039959
19658956|_hp2_id.3001039959
17939840|_hp2_id.3462970183
17381553|_hp2_id.4292810930
18412573|_hp2_props.1404198904
17381551|_hp2_props.4292810930
19644154|_iidt
17986473|_iiq_fdata
17986474|_iiq_fdata_1434517136
19680774|_ju_dc
19680771|_ju_dn
19680725|_landing_page
19660777|_landing_page
19679916|_landing_page
16157112|_lc2_fpi
17986472|_lr_env_src_ats
15803353|_lr_env_src_ats
18301566|_lr_env_src_ats
18668562|_lr_env_src_ats
19731881|_lr_env_src_ats
16157150|_lr_env_src_ats
17925209|_lr_env_src_ats
19015352|_lr_env_src_ats
18668614|_lr_env_src_ats
19644163|_lr_env_src_ats
19757713|_lr_env_src_ats
19308435|_lr_env_src_ats
19754917|_lr_env_src_ats
15417604|_mibhv
17874084|_mibhv
17874082|_mibhv
15417603|_mibhv
16314044|_ml_id
10577446|_ncg_domain_id_
15860824|_ncg_domain_id_
10577448|_ncg_g_id_
15860826|_ncg_g_id_
10577450|_ncg_g_id_
15860827|_ncg_g_id_
19644195|_ncg_id_
15860832|_ncg_id_
15860847|_ncg_sp_id.5378
19644194|_ncg_sp_id.cc72
71354|_octo
17162003|_omappvp
18301549|_omappvp
15866843|_omappvp
19128473|_omappvp
19680724|_orig_referrer
19660776|_orig_referrer
19679915|_orig_referrer
18301568|_parrable_id
14808394|_parrable_id
17925211|_parrable_id
18140564|_parsely_30
18051965|_parsely_visitor
18775670|_parsely_visitor
17986469|_pbjs_userid_consent_data
15803303|_pbjs_userid_consent_data
18301556|_pbjs_userid_consent_data
18668529|_pbjs_userid_consent_data
19731877|_pbjs_userid_consent_data
19733990|_pbjs_userid_consent_data
16157105|_pbjs_userid_consent_data
19777504|_pbjs_userid_consent_data
18140579|_pbjs_userid_consent_data
17925207|_pbjs_userid_consent_data
18416651|_pbjs_userid_consent_data
19775267|_pbjs_userid_consent_data
19015402|_pbjs_userid_consent_data
19774353|_pbjs_userid_consent_data
18668622|_pbjs_userid_consent_data
19644190|_pbjs_userid_consent_data
19757707|_pbjs_userid_consent_data
19308432|_pbjs_userid_consent_data
17198606|_pbjs_userid_consent_data
19755791|_pbjs_userid_consent_data
15712594|_pbjs_userid_consent_data
18497056|_pcid
15510799|_pcid
12872741|_pcid
18497057|_pctx
15510798|_pctx
12872742|_pctx
19803460|_pdp_product_sku
18412594|_pin_unauth
18123390|_pin_unauth
15803327|_pin_unauth
19517314|_pin_unauth
19688940|_pin_unauth
1709914|_pin_unauth
19680822|_pin_unauth
15473607|_pin_unauth
15860840|_pin_unauth
18553973|_pin_unauth
15496454|_pk_id.1.1259
18920487|_pk_id.2.0ab6
15306305|_pk_id.2.9759
18920444|_pk_id.2.cf9e
17568505|_pk_id.39.0d7e
14867390|_pk_id.4.0647
17706818|_pk_id.j3rLNDjkq1.19c2
15496453|_pk_ref.1.1259
18920486|_pk_ref.2.0ab6
15306304|_pk_ref.2.9759
18920443|_pk_ref.2.cf9e
17568504|_pk_ref.39.0d7e
18668574|_pk_ref.4.0647
15803377|_pnlspid
15803376|_pnss
15803293|_pnvl
18668623|_pubCommonId
19308433|_pubCommonId
14795841|_pubcid
18390096|_pubcid
14806669|_pubcid
15712595|_pubcid
17784980|_pxhd
19680580|_pxvid
10577432|_pxvid
12992001|_pxvid
17774306|_rdt_uuid
17558866|_rdt_uuid
19517300|_rdt_uuid
17558606|_rdt_uuid
19775261|_rdt_uuid
15479514|_rdt_uuid
19774340|_rdt_uuid
19680818|_rdt_uuid
16313146|_rdt_uuid
19252823|_rdt_uuid
15860818|_rdt_uuid
15860817|_s
18252202|_scid
19803469|_scid
18412586|_scid
17874086|_scid
19517302|_scid
1709905|_scid
14151286|_scid
17145256|_scid
19679937|_scid
15860822|_scid
18252203|_scid_r
19803611|_scid_r
18412587|_scid_r
17874087|_scid_r
19517303|_scid_r
15414513|_scid_r
17145795|_scid_r
19687326|_scid_r
15860823|_scid_r
18553965|_session_id
19778233|_session_id
19731878|_sharedID
17198625|_sharedID
19754914|_sharedID
19731879|_sharedID_last
19754915|_sharedID_last
19680807|_shopify_y
19775029|_shopify_y
19689590|_shopify_y
15479632|_sp_id.58a1
15588307|_sp_id.cd78
18024276|_sp_su
19775110|_sp_su
19774331|_sp_su
15510804|_sp_su
15860811|_sp_su
19775247|_sp_v1_consent
19774325|_sp_v1_consent
19775248|_sp_v1_csv
19774326|_sp_v1_csv
18775550|_sp_v1_csv
19775244|_sp_v1_data
19774322|_sp_v1_data
18775547|_sp_v1_data
19775254|_sp_v1_data
19774329|_sp_v1_data
19775249|_sp_v1_lt
19774327|_sp_v1_lt
18775551|_sp_v1_lt
19775246|_sp_v1_opt
19774324|_sp_v1_opt
18775549|_sp_v1_opt
19775245|_sp_v1_ss
19774323|_sp_v1_ss
18775548|_sp_v1_ss
19775255|_sp_v1_ss
19774330|_sp_v1_ss
19775243|_sp_v1_uid
19774321|_sp_v1_uid
18775546|_sp_v1_uid
19775253|_sp_v1_uid
19774328|_sp_v1_uid
19757738|_sv3_3
19645208|_ta
19645207|_tac
18553961|_tq_id.TV-7209362763-1.34c0
19015342|_uc_referrer
19757706|_uc_referrer
19778239|_uetsid
19808950|_uetsid
19747253|_uetsid
19688524|_uetsid
19778076|_uetsid
19775008|_uetsid
17568390|_uetvid
15588316|_uetvid
17774455|_uetvid
19680596|_uetvid
16658274|_uetvid
19778240|_uetvid
17381556|_uetvid
17558869|_uetvid
17677323|_uetvid
19808951|_uetvid
15803320|_uetvid
15865580|_uetvid
17578149|_uetvid
19747254|_uetvid
19517323|_uetvid
19688525|_uetvid
18053398|_uetvid
17558143|_uetvid
17974950|_uetvid
1709913|_uetvid
15414534|_uetvid
19778077|_uetvid
19644978|_uetvid
16313161|_uetvid
19775009|_uetvid
15866493|_uetvid
16657950|_uetvid
15473609|_uetvid
15860829|_uetvid
17145861|_uetvid
18553972|_uetvid
19644155|_vid_t
18179299|_vm_suid
18179303|_vm_uid
18179307|_vm_uid
18140820|_web_visitorid
1091095|_xpid_2752
19680805|_y
19775027|_y
19689588|_y
19720520|_zm_currency
18553937|_zm_fingerprint
19780123|_zm_lang
19436409|_zm_login_acctype
12329819|_zm_meeting_user
132385|_zm_mtk_guid
2605284|_zm_tracking_guid
132387|_zm_visitor_guid
19757725|a306279
19757728|a318342
16157110|aam_uuid
18029707|aam_uuid
18775525|aam_uuid
16157109|aamgam
15866480|ab.custom-mobile-content%20%23menu-item-77383.custom-mobile-content%20%23menu-item-77384
15866479|ab.main_menu%20%23menu-item-77383%23mobilenav%20%23menu-item-77385
19644150|ab.storage.deviceId.7cc9d032-9d6d-44cf-a8f5-d276489af322
19645203|ab.storage.sessionId.7cc9d032-9d6d-44cf-a8f5-d276489af322
18775515|ab.storage.sessionId.cf150dab-3153-49b0-b48c-66a7c18688ea
19644151|ab.storage.userId.7cc9d032-9d6d-44cf-a8f5-d276489af322
321880|ab_bucket
17961732|ab_testing_id
15860805|ab_uuid
19505983|abe_vc
19457312|abid
19187770|abtest-identifier
13763882|access_token
16342923|access_token
10693570|accs
19777476|active_template::87261
15473602|activity_id
19774128|ad-id
19774129|ad-privacy
15803331|addshoppers
15803332|addshoppers.com
18390110|admtr
12934591|adtheorent-legacy[cuid]
12934590|adtheorent[cuid]
19515250|advanced_ads_browser_width
15870352|advanced_ads_browser_width
19687243|advanced_ads_browser_width
15870351|advanced_ads_page_impressions
15870350|advanced_ads_pro_visitor_referrer
18390113|adxLogan
18390114|adxLogan_red
153522|ai_user
18098097|ai_user
19778236|ajs_anonymous_id
17162007|ajs_anonymous_id
18412579|ajs_anonymous_id
18140980|ajs_anonymous_id
17875940|ajs_anonymous_id
18053405|ajs_anonymous_id
15479521|ajs_anonymous_id
19645204|ajs_anonymous_id
8607259|ajs_anonymous_id
17961722|ajs_anonymous_id
16657993|ajs_anonymous_id
17961714|ajs_anonymous_id
18412578|ajs_group_id
17875939|ajs_group_id
8607260|ajs_group_id
18412577|ajs_user_id
17875938|ajs_user_id
8607258|ajs_user_id
17556870|akacd_PR_Loggly_Instance
17568387|alicloud_deploy_r_s
17568384|aliyun_choice
17568388|aliyun_choice
18132579|allcaliforniaattorneys
18668603|am_gpp
19308420|am_gpp
18668602|am_gpp_cmp_version
19308419|am_gpp_cmp_version
18668619|am_tokens
19308452|am_tokens
18668616|am_tokens
19308437|am_tokens
18668620|am_tokens_invalidate-verizon-pushes
19308453|am_tokens_invalidate-verizon-pushes
18668621|am_tokens_invalidate-verizon-pushes
19308456|am_tokens_invalidate-verizon-pushes
19605015|amplitude_id_c6eb3d709c5c30ca80c0381080bcc254box.com
19208258|amuid2
18390051|amuid2
19015349|amuid2
14151314|amuid2
19757710|amuid2
17198617|amuid2
19015365|amuid2
19757734|amuid2
12934234|anon
19803613|anonymous-consents
18390047|ap_uid
15479513|arc
3292724|at-main
19505985|atfloaded
14619399|atl_uuid
17444281|atltestbucketv1
17558588|atr_firstUTM_Medium
17558587|atr_firstUTM_Source
17558591|atr_lastCustom3
17558595|atr_lastCustom4
17558594|atr_lastCustom5
17558592|atr_lastGA_ID
17558593|atr_lastGCLID
17558590|atr_lastUTM_Medium
17558589|atr_lastUTM_Source
19733979|atuserid
18029019|au_id
15803304|au_id
15712372|au_id
18122930|auth0
18048428|auth0
18122931|auth0_compat
18048429|auth0_compat
19244785|av-profile
19508367|av-timezone
14084923|aws-target-data
14084922|aws-target-visitor-id
241329|b
17943452|b2b_cig_opt
17943451|b2b_opt
19732718|bankofamerica!mboxPC
16658281|barometric[cuid]
19645206|barometric[cuid]
16657997|barometric[cuid]
18553970|barometric[cuid]
18048437|bc_tstgrp
17784978|bc_tstgrp
19678144|bcookie
13906322|bea4r
19803879|bgp-c6374a62
12022|blaize_session
19515094|blaize_session
12023|blaize_tracking_id
19515095|blaize_tracking_id
19681134|bluecoreNV
19732670|bmuid
14832464|bounceClientVisit4444
172446|box-edit-secret-cookie-name
172445|box-lcskey-4c351b1n-l4w5jbyc2xRHdprIbvBTHg
172434|box_active_user_subdomain
19814386|box_visitor_id
6375904|brcap
19803603|bread-checkout
19803449|bread_edge
18468770|browser
16157078|browser_data
19678153|bscookie
18048431|bsp.auth
19783307|buid
19775161|bv
19734966|bwid
19734967|bwid_withoutSameSiteForIncompatibleClients
323490|c
19681261|c
19197192|c
15414514|c
14796113|c
19015359|cOptout
19757737|cOptout
19015410|cP
19757735|cP
19015356|cProfile
19757730|cProfile
19517277|c_sId
19808945|camp_campaign
19808948|camp_detail
19808946|camp_term
19808947|camp_type
19771860|campaign
19771859|campaign_date
19803455|canBreadCookie
17381418|caosLocalGa
19680741|cart
19680565|cartId
19680804|cart_currency
19775026|cart_currency
19680743|cart_sig
19680742|cart_ts
19680744|cart_ver
17559158|cb_anonymous_id
17677321|cb_group_id
17677320|cb_user_id
15865716|ccf-medallia-Web%20Support%20NPS
17873692|ccpa
17873711|ccpa
17873697|ccpa
17873695|ccpa
18024274|ccpaApplies
10425735|ccpaApplies
19775251|ccpaApplies
19774337|ccpaApplies
111|ccpaApplies
15860809|ccpaApplies
18024284|ccpaUUID
10425740|ccpaUUID
19775120|ccpaUUID
19774335|ccpaUUID
113|ccpaUUID
15860814|ccpaUUID
17443662|ccsyn_atlantic-gaid_puid
17443663|ccsyn_atlantic-gaid_puid_b64
17443666|ccuid
19732671|cdSNum
19680589|cdv
17162017|cf_1704_id
18394118|cf_clearance
19778078|cg_uuid
19803477|cg_uuid
10698705|ch
18179300|chorus_preferences
15712597|chsn_cnsnt
19013680|ci_id
15417602|cjConsent
19803478|cjConsent
17873704|cjConsent
19094133|cjConsent
12742544|cjConsent
15417605|cjUser
19803612|cjUser
17875937|cjUser
19775021|cjUser
15473600|cje
1082944|ckns_eds
19709285|ckns_explicit
12007|ckns_mvt
19709286|ckns_policy
19709287|ckns_policy_exp
19733982|ckpf_ppid
80951|cl_b
18034234|cl_def_hp
14861657|cli_user_preference
15865569|cmapi_cookie_privacy
17558603|cmapi_cookie_privacy
19196107|cmapi_cookie_privacy
15865568|cmapi_gtm_bl
17558602|cmapi_gtm_bl
19196106|cmapi_gtm_bl
19775162|cn
17568376|cna
17568375|cna
15712592|cohsn_xs_id
15712591|cohsn_xs_id
15588314|collector_cookie
18668639|collector_cookie
15865557|com.ibm.cloud.console.analytics.anonymousId
19135842|commonswikiwmE-sessionTickLastTickTime
19135843|commonswikiwmE-sessionTickTickCount
10425747|consentUUID
15510839|consentUUID
17986470|cookie
15588452|cookie-agree
19803435|cookie-notification
19680566|cookieID
17684395|cookie_preferences
16025164|cookiehub
14861650|cookielawinfo-checkbox-analytics
14861653|cookielawinfo-checkbox-functional
14861635|cookielawinfo-checkbox-necessary
19516221|cookies_policy
19687841|cookiesession1
19023514|cookiesession1
18035996|cookiesession1
17873696|cpra
17875916|cpra
17873693|cpra
17873690|cpra
16142746|cs
19731975|csm-hit
19774126|csm-hit
19811928|csm-hit
18412564|csrftoken
19266650|csrftoken
19306648|csrftoken
17558577|csrftoken
17974938|csrftoken
16142816|csuuid
1733313|csv
15866842|ct_sfw_pass_key
19732711|ctd
16157152|cto_bidid
16157151|cto_bundle
17706807|culture
19775104|currentSessionDate
19774318|currentSessionDate
15473599|current_currency
16157038|cwr_u
19252944|d
35045|datadome
19783393|datadome
14619829|dateLastVisited
8509828|datr
17570671|dblp-dismiss-new-feature-2022-01-27
17570667|dblp-search-mode
172436|dc211805512
17254743|dekisession
18495899|deviceType
18495613|deviceType
19208260|device_uuid
15881070|device_view
1709921|deviceid
17873716|did
16033945|did
18122926|did
1040873|did
18122928|did_compat
1040874|did_compat
17718786|didomi_accept_cookie
17718787|didomi_token
19771902|dismiss_newsletter_banner
18024273|dnsDisplayed
10425734|dnsDisplayed
19775250|dnsDisplayed
19774336|dnsDisplayed
110|dnsDisplayed
15860808|dnsDisplayed
19187769|donation-identifier
10206360|dotcom_user
19680564|dpi
18123397|dpm_pxl
18123398|dpm_pxl_aid
19678805|dpr
17684408|drift_aid
17559162|drift_aid
14619782|drift_aid
17684409|driftt_aid
17559163|driftt_aid
14619783|driftt_aid
18400584|dslang
10913086|dssf
18412580|ebEventToTrack
18412561|eblang
1733314|edgebucket
19776253|edu_cig_opt
17145260|embed
15414522|enforce_policy
19687919|enforce_policy
19563021|enwikiwmE-sessionTickLastTickTime
19563022|enwikiwmE-sessionTickTickCount
15901991|enwiktionarywmE-sessionTickLastTickTime
15901992|enwiktionarywmE-sessionTickTickCount
19783396|et-ppvid
15510838|euconsent-v2
17559143|euid
12329802|extole_access_token
19777484|ezds
19777479|ezepvv
19777485|ezohw
19777474|ezosuibasgeneris-1
19777482|ezovuuidtime_87261
19777486|ezux_lpl_87261
16142745|fifid
19775103|firstSessionDate
19774317|firstSessionDate
17578138|first_visit
12934223|fly_ab_uid
19680575|forterToken
14598450|fp
19783308|fpc
16657804|fpid
19678772|fr
19784249|fsc|DUV44OYXLKJSBLAITVPW
15790253|fw_ts
202933|g__gdic
18029020|g_hosted
15803305|g_hosted
15712373|g_hosted
8789195|g_state
18664759|g_state
17100209|g_state
18916779|g_state
19760027|g_state
19015404|gcid
19757719|gcid
19015405|gcid_first
19757720|gcid_first
19758861|gfg_nluid
19707186|gi
10425746|gituid
18029018|gitvps
17874088|globalId
18668625|grow_check_third_party_cookie_support
18664631|guest_id
18664627|guest_id_ads
18664628|guest_id_marketing
19784250|hac|DUV44OYXLKJSBLAITVPW|DASQ0MZMY03CAADEPRTC
15866471|handl_ip
15866470|handl_landing_page
15866469|handl_original_ref
15866472|handl_ref
15866473|handl_url
19808824|has_recent_activity
17677311|hashedIp
15414620|hb_insticator_uid
17785015|hnpdiudpf1
17873676|hosted-shell
17873685|hosted-shell
17874039|hosted-shell
19732715|hp_pf_expy
17578139|http_referer
10336044|i18n-prefs
18465016|id_ab
19775118|idg-edition
19775262|idg-language
1709918|idsession
1709919|idsessionstate
16142841|initial_referrer
16157157|intentIQ
17986468|intentIQ
12934649|intentIQCDate
17986467|intentIQCDate
18394125|intercom-device-id-dgkjq2bp
15414504|io_token_7c6a6574-f011-4c9a-abdd-9894a102ccef
18390111|ired
17568446|isg
35060|iter_id
18048401|iterableEndUserId
17874042|ivid
19711311|jkidd-p
19783391|jkidd-p
18140981|journeyHidden
18140569|journeyViews
19508815|ka_sessionid
19687636|kalles_shown_pages
15995918|kampyleSessionPageCounter
15865586|kampyleSessionPageCounter
19644206|kampyleSessionPageCounter
19644207|kampyleUserPercentile
15995915|kampyleUserSession
15865583|kampyleUserSession
19644145|kampyleUserSession
15995917|kampyleUserSessionsCount
15865585|kampyleUserSessionsCount
19644147|kampyleUserSessionsCount
15865582|kampyle_userid
18916313|kampyle_userid
16658223|kndctr_0C1038B35278345B0A490D4C_AdobeOrg_identity
14619397|kppid
18025460|lang_choice
16514558|language
17145895|lastConversion
19775106|lastSessionDate
19774320|lastSessionDate
19658705|last_known_canvas_host
14703728|last_piaz_user
19277735|last_pysTrafficSource
19277736|last_pys_landing_page
19515249|last_visit
19252945|lc
18029269|lc-main
16908757|lgc
18874631|li_at
442665|li_rm
19678141|li_sugr
19678135|li_theme
19678136|li_theme_set
18874632|liap
17974999|libraryExitIntentShown
19803454|light-box_max
19803453|light-box_min
19689834|lkda_spinthewheel55744ShowFlag
19680011|lkda_spinthewheel55744Showed
19680012|lkda_spinthewheel55744Timestamp
19678151|lms_ads
19678152|lms_analytics
19681379|locDestZip
19771744|locStoreId
19680571|locale
19680717|localization
19774982|localization
19689034|localization
10206359|logged_in
1733311|loid
19680563|lpi
15511025|lrb_ga
15511036|lrb_ga_KVTSQCET23
15479512|lrp
17570720|m
15804222|mCookie
15804224|mUserCookie
19680568|mapp
19732729|mbox
18465017|mbox
18465018|mboxes
16135608|mc
15995914|mdLogger
15865581|mdLogger
19644205|mdLogger
18775517|mediakindauth2token
11769537|memclid
19579019|metawikiwmE-sessionTickLastTickTime
19579020|metawikiwmE-sessionTickTickCount
18412563|mgref
18412558|mgrefby
17100127|mguid
17677312|mktg_camp
17677313|mktg_src
19681138|mp_cdw_mixpanel
9626410|muc
9626411|muc_ads
16143049|muxData
15712598|muxData
18668607|mv_sda
19308442|mv_sda
18668617|mv_tokens
19308450|mv_tokens
14883638|mv_tokens
18668618|mv_tokens_invalidate-verizon-pushes
19308451|mv_tokens_invalidate-verizon-pushes
14883639|mv_tokens_invalidate-verizon-pushes
18140572|mylo_status
17222672|ncbi_sid
323492|ndat
19197190|ndat
19681124|needlepin
18150615|netflix-sans-bold-3-loaded
18150614|netflix-sans-normal-3-loaded
1114834|nfvdid
14718033|nmstat
16646635|nmstat
5592794|nmstat
2149399|nmstat
17710662|nmstat
14619810|nmstat
15582971|nmstat
15390302|nmstat
17564751|nmstat
19731399|nmstat
15865564|notice_gdpr_prefs
17558600|notice_gdpr_prefs
19196105|notice_gdpr_prefs
17558601|notice_poptime
15865563|notice_preferences
17558599|notice_preferences
19196104|notice_preferences
15865573|notice_preferences_master
19250204|npage
19517336|ntv_as_us_privacy
19775257|ntv_as_us_privacy
19774342|ntv_as_us_privacy
16313147|ntv_as_us_privacy
19783394|nyt-a
35044|nyt-auth-method
19361247|nyt-cmots
19783384|nyt-gdpr
19783376|nyt-geo
19711312|nyt-jkidd
19783392|nyt-jkidd
19771889|nyt-m
19783374|nyt-purr
19783375|nyt-us
19707350|nyt-xwd-hashd
18123385|oly_anon_id
18123384|oly_fire_id
18301764|om-ufazaumsujqs1jhrp0vo
17162021|omSeen-b752cuevkhtjzbeipwlf
18301759|omSeen-ufazaumsujqs1jhrp0vo
18140561|optimizely-user-attributes
18140560|optimizely-user-id
16157058|optimizelyEndUserId
18140571|optimizelyEndUserId
19734005|ozone_uid
19734931|ozone_uid
16157095|p_uid
16026153|p_uid
19711803|pa_uid
19687237|pageviewCount
19771740|partner
10520538|pc
16646104|pctrk
10609865|pelcro.unique.id
10609860|pelcro_first_touch_utm_campaign
10609858|pelcro_first_touch_utm_medium
10609859|pelcro_first_touch_utm_source
10609861|pelcro_first_touch_utm_term
18140582|permutive-id
19778839|permutive-id
19517276|permutive-id
19775256|permutive-id
19774341|permutive-id
19644191|permutive-id
17784984|permutive-id
19708793|permutive-id
15860848|permutive-id
18664630|personalization_id
64354|phsid
17558149|pi_opt_in1006212
17107838|pi_opt_in485781
17107814|pi_opt_in485781
19814492|piazza_session
12934233|pid
13612113|plan_type
19505987|plploaded
15858964|pmc-frontend-csrftoken
15712308|pmpdid
17706855|portalcache_v2
15901990|preferencesEditorJs
7817052|prov
808753|prov
7817053|prov
1510078|prov
1510077|prov
14151274|ps
19681220|pst2
16033946|ptc
18497341|pubble_gen_uid
15870049|pum-13019
19776254|purr-cache
15803375|pushly.user_puuid
19187650|pysTrafficSource
19187649|pys_first_visit
19187651|pys_landing_page
17874032|qbn.account_chooser
17874031|qbn.glogin
19505991|ql-session-id
19505986|ratingsloaded
16312926|realm.cookiesAndJavascript
16313130|realm.cookiesAndJavascript
17784977|realm.cookiesAndJavascript
10693620|recent_srs
19687842|recordID
19813752|reese84
18132688|refererdomain
14087444|regStatus
17162006|replybox_session
19644278|rgisanonymous
16927928|rguserid
16927929|rguuid
19250116|rhid
14151278|rt
16313144|s_abd
15588309|s_dlv
4347869|s_dslv
17558583|s_dslv
19681359|s_ecid
17560273|s_ecid
17873698|s_ecid
15293042|s_ecid
18029696|s_ecid
18775524|s_ecid
10577430|s_ecid
18402459|s_fid
15417572|s_fid
16658245|s_fid
15511213|s_fid
17874023|s_fid
16146281|s_fid
18497053|s_fid
18029721|s_getNewRepeat
1538831|s_lv
15417576|s_lv
4885083|s_lv
18029722|s_lv
19681152|s_mchannel
16146282|s_nr
16232160|s_nr60
4885082|s_nrm
15510692|s_pers
18465023|s_pers
19681145|s_tbms_dl130
19681147|s_tbms_dl214
19681143|s_tbms_dl30
19681149|s_tbms_dl37
16232161|s_tslv
18400607|s_vi
16146285|s_vi
18497060|s_vi
16658215|s_vnc365
16232163|s_vnc60
15588311|s_vnum
1538833|s_vnum
12934482|sa-user-id
12934483|sa-user-id-v2
15803329|sailthru_content
18029022|sailthru_content
13004719|sailthru_content
19776908|sailthru_content
18179310|sailthru_content
15803330|sailthru_visitor
18029023|sailthru_visitor
16313150|sailthru_visitor
19776909|sailthru_visitor
18179311|sailthru_visitor
15417585|salsify_session_id
323507|sambapxid
19197189|sambapxid
18179312|sambapxid
19678773|sb
19277729|sbjs_current
19277728|sbjs_current_add
19187646|sbjs_first
19187644|sbjs_first_add
19187642|sbjs_migrations
19277730|sbjs_udata
19771745|sc-location-v2
19208259|sd_amuid2
18390052|sd_amuid2
19015350|sd_amuid2
14151315|sd_amuid2
19757711|sd_amuid2
17198618|sd_amuid2
19707173|sec_wapo_login_id
19707174|sec_wapo_secure_login_id
19680803|secure_customer_sig
19775025|secure_customer_sig
19689587|secure_customer_sig
14619412|seerid
17444226|seerid
3292723|sess-at-main
19680652|session-id
19197182|session-id
19505984|session-id
19505990|session-id
19680653|session-id-time
19197183|session-id-time
19808820|session-token
19687178|session-token
19783389|sessionIndex
19775105|sessionNumWP
19774319|sessionNumWP
19814491|session_id
15417589|setPrevPageName
19778070|sf-data-intell-subject
19778069|sf-tracking-consent
15479511|sfa
19252958|shown_ssb_redirect_page
4233436|sid
15870527|sid
19137711|sidebar_collapsed
16071424|sidebar_collapsed
18024275|signedLspa
10425736|signedLspa
19775252|signedLspa
19774338|signedLspa
112|signedLspa
15860810|signedLspa
17558145|site_identity
1709920|skyCEsidextrk01
1709917|skyCEsidmesso01
18301560|slick-reader-id
17558146|sliguid
17558147|slirequested
16908759|smar_login
19645205|smxtrack
17560039|sncc
15588444|solvusoft_landing_page
18025463|solvusoft_vid_gaUserID
10577451|sp
15860838|sp
15479634|sp
19645094|split
19645095|split_tcv
529301|spsesid
16142763|ss
17974517|ss_cvr
18415326|ss_cvr
16034090|ss_cvr
18025462|ss_vv
3292719|sst-main
19732714|state
18390108|sw_user_params_infos
19757739|sw_user_params_infos
17955660|sw_user_params_infos
19755812|sw_user_params_infos
18495595|t4
19803452|t_rnd2
18036005|t_v2_s
11159257|t_v2_s
19250198|teff_cid
19250200|teff_clickid
19250199|teff_extid
19250203|teff_npage
19250201|teff_vert
15712585|tglr_anon_id
15712589|tglr_sess_count
15712590|tglr_tenant_id
19680765|thx_guid
17873683|thx_guid
17558215|ti_
19775309|ti_
19774378|ti_
19678134|timezone
17874073|tms_pyc
17875914|tmx_guid
19760020|token_v2
15803316|tpc_id
19775022|tpc_id
19015411|tr
19757736|tr
18036004|tracker_device
11159256|tracker_device
19775010|tracker_device
18036007|tracker_device
16157098|trc_cookie_storage
583|trc|DUV44OYXLKJSBLAITVPW|DASQ0MZMY03CAADEPRTC
18495596|trendmd-nongdpr
14012670|trkid
15414531|ts
19687922|ts
15414532|ts_c
19687923|ts_c
19679966|tsrce
17874074|tt-d1a
16135916|tuid
19680663|tuuid
19681263|tuuid
19197191|tuuid
19680664|tuuid_lu
19681262|tuuid_lu
19197193|tuuid_lu
18468235|twk_uuid_63dd75f8c2f1ac1e20314ec2
14516141|u
19507628|ubid-main
19197185|ubid-main
19679950|ubid_ovr
18775512|ug
13906302|ug1
172435|uid
19755832|uid
4233429|uid
15870526|uid
18029010|uid_bam
19776914|uid_bam
15414621|uids
10607919|uids
19762390|uids
19709330|uids
19734932|uids
16157127|uids
17198609|uids
15865567|userContext
12934588|userId
15417582|userPrefLanguage
13612114|user_id
19687224|user_session
17381560|userty.core.p.db6cc3
15588305|usi_id
15803299|usprivacy
6190169|usprivacy
15479516|usprivacy
10607925|usprivacy
52627|usprivacy
18661986|usprivacy
18301552|usprivacy
14806659|usprivacy
16157071|usprivacy
18252198|usprivacy
18140581|usprivacy
17925206|usprivacy
18029698|usprivacy
15788089|usprivacy
18497064|usprivacy
15860807|usr_bkt
18497050|utag_dslv
19732732|utag_main
16161663|utag_main
19680957|utag_main
19808952|utag_main
15866237|utag_main
17560269|utag_main
17875915|utag_main
18497054|utag_main
15860812|utag_main
17875918|utag_tt_mktid
18497019|utag_vnum
19197822|uu
19680567|uui
10577534|uuid
1709901|uuid
16657886|vcm_p
15803337|vcnpxid
15804203|vcnpxsn
15804202|vcnpxst
14861656|viewed_cookie_policy
15790252|viewer
16142766|viewer_token
19775119|vip-go-seg
15866474|visid_incap_1709662
19803436|visid_incap_1843513
19803437|visid_incap_1876249
17684376|visid_incap_2282671
19250118|visitCounter
14619830|visitNumber
14619828|visitor
17558150|visitor_id1006212
18774446|visitor_id10342
18774449|visitor_id10342
18774451|visitor_id10342
18774447|visitor_id10342-hash
18774450|visitor_id10342-hash
18774452|visitor_id10342-hash
19803616|visitor_id407272
19803619|visitor_id407272
19803630|visitor_id407272
19803617|visitor_id407272-hash
19803620|visitor_id407272-hash
19803631|visitor_id407272-hash
17107839|visitor_id485781
17107815|visitor_id485781
17100128|vk
19776886|vmidv1
18179309|vmidv1
19758314|vmuid
19757727|vmuid
14151275|vsegv3
19681225|vt
2605268|wULrMv6t
19707175|wapo_actmgmt
19707176|wapo_display
19707177|wapo_groups
19707178|wapo_login_id
19707179|wapo_provider
19707180|wapo_secure_login_id
19771877|wc_eea
19771876|wc_test_cookie
19678774|wd
15510958|wikidatawikiwmE-sessionTickLastTickTime
15510959|wikidatawikiwmE-sessionTickTickCount
19680762|wisepops
19680763|wisepops_props
19680764|wisepops_visits
19505992|wl-session-id
17774266|wm_kw
17774267|wm_v
10903286|wp_ak_bfd
10903285|wp_ak_bt
10903290|wp_ak_btap
15957735|wp_ak_btvm
10903289|wp_ak_co
15957734|wp_ak_lr
18883726|wp_ak_pct
16301678|wp_ak_pp
10903288|wp_ak_sff
18805840|wp_ak_signinv2
10903287|wp_ak_tos
18805841|wp_ak_v_m
19172568|wp_ak_v_mab
16301663|wp_ak_v_v
17878533|wp_ak_wab
16301662|wp_devicetype
19708791|wp_pwapi_ar
19707181|wp_usp
15860804|wsjregion
19687920|x-csrf-jwt
10336043|x-main
11643112|xbc
18497063|xbc
15510803|xbc
12872753|xbc
18123396|xdpm_segs_80
18123395|xdpm_segsid_80
17568393|xman_f
17568392|xman_t
17568391|xman_us_f
19680590|xp
13763883|xtl_bid
19250202|yid
19680766|zCountry
19680769|zHello
14796115|zuuid
14796117|zuuid_k
14796118|zuuid_k_lu
14796116|zuuid_lu
sqlite> SELECT COUNT(id) FROM moz_cookies;
2098
sqlite> SELECT id FROM moz_cookies LIMIT 5;
19771595
19808833
19747024
19758319
19758320
sqlite> SELECT id, name FROM moz_cookies LIMIT 5;
19771595|.ASPXANONYMOUS
19808833|1P_JAR
19747024|1P_JAR
19758319|1_C_20
19758320|1_C_20
sqlite> SELECT * FROM moz_cookies LIMIT 5;
54|^partitionKey=%28https%2Cgoogle.com%29|PREF|f4=4000000|.youtube.com|/|1736210933|1683160643911662|1673138933308525|1|0|0|1|0|2
110||dnsDisplayed|undefined|.theguardian.com|/|1704676434|1683141593226887|1673140434577233|1|0|0|0|0|2
111||ccpaApplies|true|.theguardian.com|/|1704676434|1683141593226887|1673140434577374|1|0|0|0|0|2
112||signedLspa|undefined|.theguardian.com|/|1704676434|1683141593226887|1673140434577422|1|0|0|0|0|2
113||ccpaUUID|2a78992b-bc23-4410-8789-14378b193e62|.theguardian.com|/|1704676434|1683141593226887|1673140434761274|1|0|0|0|0|2
sqlite> SELECT * FROM moz_cookies WHERE name = '1_C_20';
19758319|^partitionKey=%28https%2Csqlitetutorial.net%29|1_C_20|uPrTSqYskjSrpk5xb6gbJp-BipbirwepxESVvnpgKCo|.aniview.com|/|1684013471|1683149471873607|1683149053396898|1|0|0|0|0|2
19758320|^partitionKey=%28https%2Csqlitetutorial.net%29|1_C_20|uPrTSqYskjSrpk5xb6gbJp-BipbirwepxESVvnpgKCo|sync.aniview.com|/|1684013471|1683149471873789|1683149053397600|1|0|0|0|0|2
sqlite> 